EPOCH: 0
              precision    recall  f1-score   support

           1       0.40      0.27      0.32       181
           2       0.00      0.00      0.00        50
           5       0.00      0.00      0.00        35
           8       0.00      0.00      0.00         0
          11       0.23      0.74      0.35       144
          12       0.00      0.00      0.00       124
          13       0.00      0.00      0.00        33
          16       0.00      0.00      0.00        38
          18       0.59      0.83      0.69       205
          20       0.00      0.00      0.00        69
          22       0.00      0.00      0.00        23
          23       0.58      0.66      0.62       136

    accuracy                           0.40      1038
   macro avg       0.15      0.21      0.16      1038
weighted avg       0.29      0.40      0.32      1038

Elapsed time21.790830031seconds
EPOCH: 1
              precision    recall  f1-score   support

           1       0.34      0.61      0.43       181
           2       0.31      0.24      0.27        50
           5       1.00      0.03      0.06        35
           8       0.00      0.00      0.00         0
          11       0.32      0.56      0.41       144
          12       0.29      0.02      0.03       124
          13       0.08      0.06      0.07        33
          16       0.00      0.00      0.00        38
          18       0.68      0.80      0.74       205
          20       0.00      0.00      0.00        69
          22       0.56      0.22      0.31        23
          23       0.64      0.65      0.64       136

   micro avg       0.45      0.45      0.45      1038
   macro avg       0.35      0.27      0.25      1038
weighted avg       0.42      0.45      0.39      1038

Elapsed time20.470517643000008seconds
EPOCH: 2
              precision    recall  f1-score   support

           1       0.45      0.61      0.52       181
           2       0.26      0.34      0.30        50
           5       0.50      0.11      0.19        35
           8       0.00      0.00      0.00         0
          11       0.38      0.65      0.48       144
          12       0.47      0.13      0.20       124
          13       0.21      0.21      0.21        33
          16       0.00      0.00      0.00        38
          18       0.70      0.83      0.76       205
          20       0.18      0.04      0.07        69
          22       0.50      0.22      0.30        23
          23       0.68      0.69      0.69       136

   micro avg       0.50      0.50      0.50      1038
   macro avg       0.36      0.32      0.31      1038
weighted avg       0.47      0.50      0.46      1038

Elapsed time20.450321958999993seconds
EPOCH: 3
              precision    recall  f1-score   support

           1       0.42      0.59      0.49       181
           2       0.24      0.36      0.29        50
           5       0.43      0.26      0.32        35
           8       0.00      0.00      0.00         0
          11       0.45      0.56      0.50       144
          12       0.39      0.18      0.24       124
          13       0.15      0.15      0.15        33
          16       0.11      0.05      0.07        38
          18       0.71      0.80      0.75       205
          20       0.12      0.03      0.05        69
          22       0.50      0.26      0.34        23
          23       0.69      0.68      0.68       136

   micro avg       0.49      0.49      0.49      1038
   macro avg       0.35      0.33      0.32      1038
weighted avg       0.46      0.49      0.46      1038

Elapsed time20.341057941999992seconds
EPOCH: 4
              precision    recall  f1-score   support

           1       0.40      0.55      0.47       181
           2       0.27      0.40      0.32        50
           5       0.42      0.29      0.34        35
           8       0.00      0.00      0.00         0
          11       0.42      0.57      0.49       144
          12       0.44      0.19      0.26       124
          13       0.18      0.21      0.20        33
          16       0.06      0.03      0.04        38
          18       0.72      0.78      0.75       205
          20       0.10      0.03      0.04        69
          22       0.41      0.30      0.35        23
          23       0.71      0.68      0.70       136

   micro avg       0.49      0.49      0.49      1038
   macro avg       0.34      0.34      0.33      1038
weighted avg       0.47      0.49      0.46      1038

Elapsed time20.390627468999995seconds
EPOCH: 5
              precision    recall  f1-score   support

           1       0.43      0.52      0.47       181
           2       0.29      0.36      0.32        50
           5       0.38      0.26      0.31        35
           8       0.00      0.00      0.00         0
          11       0.43      0.51      0.47       144
          12       0.36      0.24      0.29       124
          13       0.12      0.15      0.14        33
          16       0.10      0.08      0.09        38
          18       0.72      0.81      0.76       205
          20       0.13      0.04      0.07        69
          22       0.50      0.35      0.41        23
          23       0.65      0.65      0.65       136

   micro avg       0.48      0.48      0.48      1038
   macro avg       0.34      0.33      0.33      1038
weighted avg       0.46      0.48      0.46      1038

Elapsed time20.47472272600001seconds
EPOCH: 6
              precision    recall  f1-score   support

           1       0.45      0.54      0.49       181
           2       0.29      0.40      0.34        50
           5       0.30      0.26      0.28        35
           8       0.00      0.00      0.00         0
          11       0.46      0.55      0.50       144
          12       0.42      0.26      0.32       124
          13       0.12      0.12      0.12        33
          16       0.15      0.13      0.14        38
          18       0.71      0.82      0.76       205
          20       0.14      0.04      0.07        69
          22       0.48      0.43      0.45        23
          23       0.70      0.66      0.68       136

   micro avg       0.50      0.50      0.50      1038
   macro avg       0.35      0.35      0.35      1038
weighted avg       0.48      0.50      0.48      1038

Elapsed time20.484431510000007seconds
EPOCH: 7
              precision    recall  f1-score   support

           1       0.43      0.54      0.48       181
           2       0.28      0.38      0.32        50
           5       0.31      0.29      0.30        35
           8       0.00      0.00      0.00         0
          11       0.47      0.54      0.50       144
          12       0.44      0.27      0.34       124
          13       0.11      0.12      0.12        33
          16       0.14      0.11      0.12        38
          18       0.72      0.79      0.76       205
          20       0.19      0.09      0.12        69
          22       0.44      0.35      0.39        23
          23       0.69      0.70      0.70       136

   micro avg       0.50      0.50      0.50      1038
   macro avg       0.35      0.35      0.35      1038
weighted avg       0.48      0.50      0.48      1038

Elapsed time20.675419456000014seconds
EPOCH: 8
              precision    recall  f1-score   support

           1       0.46      0.56      0.50       181
           2       0.29      0.38      0.33        50
           5       0.33      0.31      0.32        35
           8       0.00      0.00      0.00         0
          11       0.47      0.55      0.51       144
          12       0.43      0.30      0.35       124
          13       0.14      0.12      0.13        33
          16       0.11      0.11      0.11        38
          18       0.73      0.80      0.76       205
          20       0.26      0.10      0.15        69
          22       0.50      0.35      0.41        23
          23       0.68      0.68      0.68       136

   micro avg       0.51      0.51      0.51      1038
   macro avg       0.37      0.35      0.35      1038
weighted avg       0.49      0.51      0.49      1038

Elapsed time20.527971288999993seconds
EPOCH: 9
              precision    recall  f1-score   support

           1       0.47      0.53      0.50       181
           2       0.28      0.38      0.32        50
           5       0.34      0.29      0.31        35
           8       0.00      0.00      0.00         0
          11       0.47      0.53      0.50       144
          12       0.39      0.30      0.34       124
          13       0.15      0.15      0.15        33
          16       0.20      0.18      0.19        38
          18       0.72      0.81      0.76       205
          20       0.29      0.13      0.18        69
          22       0.57      0.35      0.43        23
          23       0.68      0.71      0.69       136

   micro avg       0.51      0.51      0.51      1038
   macro avg       0.38      0.36      0.37      1038
weighted avg       0.50      0.51      0.50      1038

Elapsed time20.48576153099998seconds
EPOCH: 10
              precision    recall  f1-score   support

           1       0.47      0.54      0.50       181
           2       0.30      0.34      0.32        50
           5       0.38      0.29      0.33        35
           8       0.00      0.00      0.00         0
          11       0.47      0.53      0.50       144
          12       0.40      0.32      0.36       124
          13       0.15      0.15      0.15        33
          16       0.23      0.24      0.23        38
          18       0.73      0.79      0.76       205
          20       0.24      0.13      0.17        69
          22       0.56      0.39      0.46        23
          23       0.68      0.71      0.69       136

   micro avg       0.51      0.51      0.51      1038
   macro avg       0.38      0.37      0.37      1038
weighted avg       0.50      0.51      0.50      1038

Elapsed time20.454459302999993seconds
EPOCH: 11
              precision    recall  f1-score   support

           1       0.48      0.54      0.51       181
           2       0.33      0.36      0.34        50
           5       0.41      0.26      0.32        35
           8       0.00      0.00      0.00         0
          11       0.48      0.53      0.51       144
          12       0.40      0.34      0.37       124
          13       0.14      0.15      0.14        33
          16       0.25      0.24      0.24        38
          18       0.72      0.79      0.75       205
          20       0.21      0.12      0.15        69
          22       0.56      0.39      0.46        23
          23       0.68      0.71      0.69       136

   micro avg       0.51      0.51      0.51      1038
   macro avg       0.39      0.37      0.37      1038
weighted avg       0.50      0.51      0.50      1038

Elapsed time20.38144043500003seconds
EPOCH: 12
              precision    recall  f1-score   support

           1       0.51      0.55      0.53       181
           2       0.31      0.36      0.33        50
           5       0.39      0.26      0.31        35
           8       0.00      0.00      0.00         0
          11       0.48      0.56      0.52       144
          12       0.42      0.37      0.39       124
          13       0.17      0.18      0.17        33
          16       0.20      0.18      0.19        38
          18       0.73      0.79      0.76       205
          20       0.17      0.10      0.13        69
          22       0.60      0.39      0.47        23
          23       0.68      0.68      0.68       136

   micro avg       0.52      0.52      0.52      1038
   macro avg       0.39      0.37      0.37      1038
weighted avg       0.50      0.52      0.51      1038

Elapsed time20.314885572000037seconds
EPOCH: 13
              precision    recall  f1-score   support

           1       0.51      0.54      0.53       181
           2       0.32      0.38      0.35        50
           5       0.40      0.29      0.33        35
           8       0.00      0.00      0.00         0
          11       0.50      0.54      0.52       144
          12       0.40      0.39      0.39       124
          13       0.16      0.15      0.15        33
          16       0.20      0.18      0.19        38
          18       0.73      0.79      0.76       205
          20       0.19      0.12      0.14        69
          22       0.56      0.39      0.46        23
          23       0.69      0.71      0.70       136

   micro avg       0.52      0.52      0.52      1038
   macro avg       0.39      0.37      0.38      1038
weighted avg       0.51      0.52      0.51      1038

Elapsed time20.320076643999982seconds
EPOCH: 14
              precision    recall  f1-score   support

           1       0.54      0.55      0.54       181
           2       0.33      0.38      0.35        50
           5       0.46      0.31      0.37        35
           8       0.00      0.00      0.00         0
          11       0.53      0.50      0.52       144
          12       0.37      0.37      0.37       124
          13       0.17      0.18      0.17        33
          16       0.13      0.13      0.13        38
          18       0.73      0.79      0.76       205
          20       0.17      0.13      0.15        69
          22       0.59      0.43      0.50        23
          23       0.69      0.74      0.71       136

   micro avg       0.52      0.52      0.52      1038
   macro avg       0.39      0.38      0.38      1038
weighted avg       0.51      0.52      0.51      1038

Elapsed time20.649841280000032seconds
EPOCH: 15
              precision    recall  f1-score   support

           1       0.53      0.55      0.54       181
           2       0.36      0.40      0.38        50
           5       0.42      0.31      0.36        35
           8       0.00      0.00      0.00         0
          11       0.55      0.51      0.53       144
          12       0.40      0.40      0.40       124
          13       0.18      0.18      0.18        33
          16       0.15      0.16      0.15        38
          18       0.73      0.80      0.76       205
          20       0.18      0.13      0.15        69
          22       0.59      0.43      0.50        23
          23       0.69      0.73      0.71       136

   micro avg       0.53      0.53      0.53      1038
   macro avg       0.40      0.38      0.39      1038
weighted avg       0.52      0.53      0.52      1038

Elapsed time20.651955062000013seconds
EPOCH: 16
              precision    recall  f1-score   support

           1       0.55      0.56      0.56       181
           2       0.37      0.40      0.38        50
           5       0.41      0.34      0.38        35
           8       0.00      0.00      0.00         0
          11       0.54      0.51      0.52       144
          12       0.40      0.40      0.40       124
          13       0.16      0.15      0.16        33
          16       0.15      0.16      0.15        38
          18       0.73      0.80      0.76       205
          20       0.20      0.16      0.18        69
          22       0.59      0.43      0.50        23
          23       0.71      0.73      0.72       136

   micro avg       0.53      0.53      0.53      1038
   macro avg       0.40      0.39      0.39      1038
weighted avg       0.52      0.53      0.53      1038

Elapsed time20.698437894999984seconds
EPOCH: 17
              precision    recall  f1-score   support

           1       0.54      0.55      0.54       181
           2       0.39      0.38      0.38        50
           5       0.41      0.34      0.38        35
           8       0.00      0.00      0.00         0
          11       0.54      0.53      0.53       144
          12       0.40      0.41      0.40       124
          13       0.19      0.18      0.18        33
          16       0.15      0.18      0.16        38
          18       0.73      0.80      0.76       205
          20       0.19      0.14      0.17        69
          22       0.56      0.39      0.46        23
          23       0.72      0.70      0.71       136

   micro avg       0.53      0.53      0.53      1038
   macro avg       0.40      0.38      0.39      1038
weighted avg       0.52      0.53      0.52      1038

Elapsed time20.758392113000014seconds
EPOCH: 18
              precision    recall  f1-score   support

           1       0.53      0.54      0.54       181
           2       0.34      0.30      0.32        50
           5       0.40      0.34      0.37        35
           8       0.00      0.00      0.00         0
          11       0.54      0.53      0.53       144
          12       0.39      0.42      0.40       124
          13       0.19      0.18      0.19        33
          16       0.17      0.21      0.19        38
          18       0.74      0.80      0.77       205
          20       0.17      0.14      0.16        69
          22       0.60      0.39      0.47        23
          23       0.71      0.68      0.70       136

   micro avg       0.52      0.52      0.52      1038
   macro avg       0.40      0.38      0.39      1038
weighted avg       0.52      0.52      0.52      1038

Elapsed time20.861521584000002seconds
EPOCH: 19
              precision    recall  f1-score   support

           1       0.52      0.53      0.53       181
           2       0.33      0.30      0.32        50
           5       0.44      0.34      0.39        35
           8       0.00      0.00      0.00         0
          11       0.53      0.51      0.52       144
          12       0.37      0.43      0.40       124
          13       0.17      0.15      0.16        33
          16       0.17      0.21      0.19        38
          18       0.74      0.79      0.76       205
          20       0.16      0.14      0.15        69
          22       0.56      0.39      0.46        23
          23       0.72      0.69      0.70       136

   micro avg       0.52      0.52      0.52      1038
   macro avg       0.39      0.37      0.38      1038
weighted avg       0.52      0.52      0.52      1038

Elapsed time21.227038763999985seconds
---EVALUANDO TEST...---
              precision    recall  f1-score   support

           1       0.56      0.44      0.49       389
           2       0.39      0.40      0.39       106
           5       0.32      0.25      0.28        75
           8       0.00      0.00      0.00         9
          11       0.47      0.59      0.52       309
          12       0.40      0.38      0.39       265
          13       0.25      0.28      0.27        71
          16       0.24      0.16      0.19        82
          18       0.72      0.81      0.77       439
          20       0.21      0.20      0.20       147
          22       0.39      0.38      0.38        50
          23       0.74      0.78      0.76       291

    accuracy                           0.53      2233
   macro avg       0.39      0.39      0.39      2233
weighted avg       0.52      0.53      0.52      2233