EPOCH: 0
              precision    recall  f1-score   support

           1       0.22      0.67      0.33       181
           2       0.00      0.00      0.00        50
           5       0.00      0.00      0.00        35
           8       0.00      0.00      0.00         0
          11       0.34      0.22      0.26       144
          12       0.33      0.02      0.05       124
          13       0.00      0.00      0.00        33
          16       0.00      0.00      0.00        38
          18       0.56      0.81      0.66       205
          20       0.00      0.00      0.00        69
          22       0.50      0.04      0.08        23
          23       0.49      0.34      0.40       136

    accuracy                           0.36      1038
   macro avg       0.20      0.18      0.15      1038
weighted avg       0.31      0.36      0.29      1038

Elapsed time22.452073429000002seconds
EPOCH: 1
              precision    recall  f1-score   support

           1       0.39      0.53      0.45       181
           2       0.21      0.14      0.17        50
           5       1.00      0.03      0.06        35
           8       0.00      0.00      0.00         0
          11       0.31      0.58      0.40       144
          12       0.28      0.15      0.20       124
          13       0.15      0.15      0.15        33
          16       0.00      0.00      0.00        38
          18       0.63      0.81      0.71       205
          20       0.00      0.00      0.00        69
          22       0.62      0.22      0.32        23
          23       0.71      0.57      0.63       136

    accuracy                           0.44      1038
   macro avg       0.36      0.27      0.26      1038
weighted avg       0.42      0.44      0.40      1038

Elapsed time20.324422051000006seconds
EPOCH: 2
              precision    recall  f1-score   support

           1       0.41      0.57      0.48       181
           2       0.29      0.30      0.30        50
           5       0.25      0.20      0.22        35
           8       0.00      0.00      0.00         0
          11       0.38      0.62      0.47       144
          12       0.31      0.18      0.23       124
          13       0.18      0.12      0.15        33
          16       0.33      0.03      0.05        38
          18       0.68      0.77      0.72       205
          20       0.00      0.00      0.00        69
          22       0.56      0.39      0.46        23
          23       0.73      0.66      0.69       136

   micro avg       0.48      0.48      0.48      1038
   macro avg       0.34      0.32      0.31      1038
weighted avg       0.44      0.48      0.45      1038

Elapsed time20.265185879seconds
EPOCH: 3
              precision    recall  f1-score   support

           1       0.44      0.61      0.51       181
           2       0.31      0.34      0.32        50
           5       0.32      0.17      0.22        35
           8       0.00      0.00      0.00         0
          11       0.44      0.65      0.53       144
          12       0.41      0.20      0.27       124
          13       0.14      0.18      0.16        33
          16       0.09      0.05      0.07        38
          18       0.71      0.79      0.75       205
          20       0.17      0.04      0.07        69
          22       0.53      0.43      0.48        23
          23       0.75      0.62      0.68       136

   micro avg       0.50      0.50      0.50      1038
   macro avg       0.36      0.34      0.34      1038
weighted avg       0.48      0.50      0.48      1038

Elapsed time20.509326005999995seconds
EPOCH: 4

              precision    recall  f1-score   support

           1       0.44      0.61      0.51       181
           2       0.27      0.34      0.30        50
           5       0.21      0.17      0.19        35
           8       0.00      0.00      0.00         0
          11       0.46      0.59      0.52       144
          12       0.38      0.19      0.25       124
          13       0.17      0.21      0.19        33
          16       0.10      0.05      0.07        38
          18       0.73      0.77      0.75       205
          20       0.18      0.10      0.13        69
          22       0.53      0.43      0.48        23
          23       0.76      0.64      0.69       136

   micro avg       0.49      0.49      0.49      1038
   macro avg       0.35      0.34      0.34      1038
weighted avg       0.48      0.49      0.48      1038

Elapsed time20.21438315799999seconds
EPOCH: 5

              precision    recall  f1-score   support

           1       0.44      0.61      0.51       181
           2       0.32      0.34      0.33        50
           5       0.28      0.20      0.23        35
           8       0.00      0.00      0.00         0
          11       0.48      0.60      0.53       144
          12       0.38      0.20      0.26       124
          13       0.17      0.24      0.20        33
          16       0.12      0.08      0.10        38
          18       0.72      0.75      0.74       205
          20       0.15      0.07      0.10        69
          22       0.52      0.52      0.52        23
          23       0.73      0.65      0.69       136

   micro avg       0.50      0.50      0.50      1038
   macro avg       0.36      0.36      0.35      1038
weighted avg       0.48      0.50      0.48      1038

Elapsed time20.271987200000012seconds
EPOCH: 6

              precision    recall  f1-score   support

           1       0.45      0.56      0.50       181
           2       0.33      0.30      0.31        50
           5       0.33      0.26      0.29        35
           8       0.00      0.00      0.00         0
          11       0.50      0.60      0.54       144
          12       0.41      0.27      0.32       124
          13       0.19      0.24      0.21        33
          16       0.13      0.11      0.12        38
          18       0.71      0.77      0.74       205
          20       0.14      0.09      0.11        69
          22       0.60      0.52      0.56        23
          23       0.71      0.68      0.69       136

   micro avg       0.50      0.50      0.50      1038
   macro avg       0.37      0.36      0.37      1038
weighted avg       0.49      0.50      0.49      1038

Elapsed time20.449713664seconds
EPOCH: 7

              precision    recall  f1-score   support

           1       0.48      0.55      0.51       181
           2       0.31      0.30      0.30        50
           5       0.29      0.29      0.29        35
           8       0.00      0.00      0.00         0
          11       0.48      0.56      0.52       144
          12       0.34      0.29      0.31       124
          13       0.17      0.18      0.17        33
          16       0.19      0.16      0.17        38
          18       0.73      0.78      0.75       205
          20       0.16      0.10      0.12        69
          22       0.48      0.43      0.45        23
          23       0.71      0.67      0.69       136

   micro avg       0.50      0.50      0.50      1038
   macro avg       0.36      0.36      0.36      1038
weighted avg       0.49      0.50      0.49      1038

Elapsed time20.39393713199999seconds
EPOCH: 8

              precision    recall  f1-score   support

           1       0.49      0.55      0.52       181
           2       0.33      0.30      0.31        50
           5       0.30      0.26      0.28        35
           8       0.00      0.00      0.00         0
          11       0.50      0.54      0.52       144
          12       0.34      0.31      0.32       124
          13       0.24      0.24      0.24        33
          16       0.18      0.16      0.17        38
          18       0.72      0.79      0.75       205
          20       0.15      0.10      0.12        69
          22       0.50      0.43      0.47        23
          23       0.71      0.68      0.70       136

   micro avg       0.51      0.51      0.51      1038
   macro avg       0.37      0.36      0.37      1038
weighted avg       0.49      0.51      0.50      1038

Elapsed time20.45259950900001seconds
EPOCH: 9

              precision    recall  f1-score   support

           1       0.48      0.54      0.50       181
           2       0.30      0.26      0.28        50
           5       0.33      0.23      0.27        35
           8       0.00      0.00      0.00         0
          11       0.50      0.53      0.52       144
          12       0.33      0.31      0.32       124
          13       0.21      0.24      0.23        33
          16       0.17      0.16      0.16        38
          18       0.72      0.79      0.75       205
          20       0.13      0.10      0.11        69
          22       0.67      0.43      0.53        23
          23       0.71      0.65      0.68       136

   micro avg       0.50      0.50      0.50      1038
   macro avg       0.38      0.35      0.36      1038
weighted avg       0.49      0.50      0.49      1038

Elapsed time20.503785534000002seconds
EPOCH: 10

              precision    recall  f1-score   support

           1       0.47      0.54      0.50       181
           2       0.28      0.26      0.27        50
           5       0.38      0.23      0.29        35
           8       0.00      0.00      0.00         0
          11       0.52      0.50      0.51       144
          12       0.31      0.34      0.33       124
          13       0.22      0.21      0.22        33
          16       0.16      0.16      0.16        38
          18       0.73      0.80      0.76       205
          20       0.15      0.12      0.13        69
          22       0.69      0.48      0.56        23
          23       0.69      0.67      0.68       136

   micro avg       0.50      0.50      0.50      1038
   macro avg       0.38      0.36      0.37      1038
weighted avg       0.49      0.50      0.49      1038

Elapsed time20.321014012000006seconds
EPOCH: 11

              precision    recall  f1-score   support

           1       0.48      0.53      0.51       181
           2       0.31      0.30      0.30        50
           5       0.43      0.26      0.32        35
           8       0.00      0.00      0.00         0
          11       0.51      0.53      0.52       144
          12       0.33      0.33      0.33       124
          13       0.21      0.21      0.21        33
          16       0.18      0.16      0.17        38
          18       0.72      0.80      0.76       205
          20       0.11      0.09      0.10        69
          22       0.65      0.48      0.55        23
          23       0.71      0.67      0.69       136

   micro avg       0.50      0.50      0.50      1038
   macro avg       0.39      0.36      0.37      1038
weighted avg       0.49      0.50      0.50      1038

Elapsed time20.23623286199998seconds
EPOCH: 12

              precision    recall  f1-score   support

           1       0.49      0.55      0.51       181
           2       0.37      0.32      0.34        50
           5       0.41      0.26      0.32        35
           8       0.00      0.00      0.00         0
          11       0.52      0.52      0.52       144
          12       0.32      0.33      0.32       124
          13       0.21      0.24      0.23        33
          16       0.19      0.16      0.17        38
          18       0.71      0.80      0.75       205
          20       0.13      0.10      0.12        69
          22       0.63      0.52      0.57        23
          23       0.71      0.66      0.69       136

   micro avg       0.51      0.51      0.51      1038
   macro avg       0.39      0.37      0.38      1038
weighted avg       0.50      0.51      0.50      1038

Elapsed time20.164412846999994seconds
EPOCH: 13

              precision    recall  f1-score   support

           1       0.49      0.56      0.52       181
           2       0.34      0.30      0.32        50
           5       0.38      0.29      0.33        35
           8       0.00      0.00      0.00         0
          11       0.50      0.52      0.51       144
          12       0.32      0.35      0.33       124
          13       0.21      0.21      0.21        33
          16       0.17      0.13      0.15        38
          18       0.72      0.78      0.75       205
          20       0.18      0.13      0.15        69
          22       0.58      0.48      0.52        23
          23       0.72      0.67      0.69       136

   micro avg       0.51      0.51      0.51      1038
   macro avg       0.38      0.37      0.37      1038
weighted avg       0.50      0.51      0.50      1038

Elapsed time20.37491038600001seconds
EPOCH: 14

              precision    recall  f1-score   support

           1       0.48      0.56      0.52       181
           2       0.37      0.30      0.33        50
           5       0.38      0.26      0.31        35
           8       0.00      0.00      0.00         0
          11       0.50      0.51      0.50       144
          12       0.32      0.35      0.34       124
          13       0.21      0.21      0.21        33
          16       0.21      0.16      0.18        38
          18       0.73      0.78      0.75       205
          20       0.17      0.13      0.15        69
          22       0.55      0.52      0.53        23
          23       0.71      0.64      0.67       136

   micro avg       0.50      0.50      0.50      1038
   macro avg       0.38      0.37      0.37      1038
weighted avg       0.50      0.50      0.50      1038

Elapsed time20.403503122000018seconds
EPOCH: 15

              precision    recall  f1-score   support

           1       0.49      0.55      0.52       181
           2       0.36      0.32      0.34        50
           5       0.40      0.29      0.33        35
           8       0.00      0.00      0.00         0
          11       0.50      0.52      0.51       144
          12       0.34      0.38      0.36       124
          13       0.21      0.21      0.21        33
          16       0.18      0.16      0.17        38
          18       0.74      0.78      0.76       205
          20       0.20      0.16      0.18        69
          22       0.55      0.52      0.53        23
          23       0.73      0.62      0.67       136

   micro avg       0.51      0.51      0.51      1038
   macro avg       0.39      0.38      0.38      1038
weighted avg       0.51      0.51      0.51      1038

Elapsed time20.496534250000025seconds
EPOCH: 16

              precision    recall  f1-score   support

           1       0.50      0.55      0.52       181
           2       0.36      0.36      0.36        50
           5       0.44      0.31      0.37        35
           8       0.00      0.00      0.00         0
          11       0.50      0.52      0.51       144
          12       0.34      0.38      0.36       124
          13       0.19      0.21      0.20        33
          16       0.18      0.16      0.17        38
          18       0.74      0.78      0.76       205
          20       0.22      0.16      0.18        69
          22       0.55      0.52      0.53        23
          23       0.73      0.63      0.68       136

   micro avg       0.51      0.51      0.51      1038
   macro avg       0.40      0.38      0.39      1038
weighted avg       0.51      0.51      0.51      1038

Elapsed time20.475622098999963seconds
EPOCH: 17

              precision    recall  f1-score   support

           1       0.50      0.56      0.53       181
           2       0.38      0.38      0.38        50
           5       0.50      0.31      0.39        35
           8       0.00      0.00      0.00         0
          11       0.50      0.52      0.51       144
          12       0.35      0.39      0.37       124
          13       0.18      0.21      0.20        33
          16       0.19      0.16      0.17        38
          18       0.75      0.79      0.77       205
          20       0.24      0.17      0.20        69
          22       0.57      0.52      0.55        23
          23       0.73      0.64      0.68       136

   micro avg       0.52      0.52      0.52      1038
   macro avg       0.41      0.39      0.39      1038
weighted avg       0.52      0.52      0.52      1038

Elapsed time20.57714793399998seconds
EPOCH: 18

              precision    recall  f1-score   support

           1       0.50      0.55      0.52       181
           2       0.43      0.42      0.42        50
           5       0.43      0.29      0.34        35
           8       0.00      0.00      0.00         0
          11       0.52      0.55      0.53       144
          12       0.35      0.38      0.36       124
          13       0.21      0.21      0.21        33
          16       0.21      0.18      0.19        38
          18       0.74      0.79      0.76       205
          20       0.21      0.17      0.19        69
          22       0.63      0.52      0.57        23
          23       0.74      0.65      0.69       136

   micro avg       0.52      0.52      0.52      1038
   macro avg       0.41      0.39      0.40      1038
weighted avg       0.52      0.52      0.52      1038

Elapsed time20.601549198999976seconds
EPOCH: 19

              precision    recall  f1-score   support

           1       0.50      0.55      0.52       181
           2       0.45      0.42      0.43        50
           5       0.40      0.29      0.33        35
           8       0.00      0.00      0.00         0
          11       0.53      0.55      0.54       144
          12       0.35      0.38      0.36       124
          13       0.21      0.24      0.23        33
          16       0.18      0.16      0.17        38
          18       0.73      0.78      0.76       205
          20       0.21      0.17      0.19        69
          22       0.65      0.48      0.55        23
          23       0.75      0.65      0.70       136

   micro avg       0.52      0.52      0.52      1038
   macro avg       0.41      0.39      0.40      1038
weighted avg       0.52      0.52      0.52      1038

Elapsed time20.745690784000033seconds


---EVALUANDO TEST...---

              precision    recall  f1-score   support

           1       0.48      0.48      0.48       389
           2       0.42      0.45      0.43       106
           5       0.20      0.24      0.22        75
           8       0.00      0.00      0.00         9
          11       0.52      0.41      0.46       309
          12       0.42      0.29      0.35       265
          13       0.19      0.34      0.24        71
          16       0.15      0.28      0.19        82
          18       0.74      0.78      0.76       439
          20       0.32      0.16      0.21       147
          22       0.29      0.48      0.36        50
          23       0.71      0.76      0.73       291

    accuracy                           0.50      2233
   macro avg       0.37      0.39      0.37      2233
weighted avg       0.51      0.50      0.50      2233

